
inspecting: /home/hls/.cache/huggingface/hub/datasets--rocochallenge2025--rocochallenge2025/snapshots/76a5691156397e249cf9b8f568d37407c302d724/gearbox_assembly_demos/data_20251130_011715.hdf5
actions/ (Group)
actions/left_arm_action (Dataset): shape=(585, 6), dtype=float32
  First 5 rows: [[0. 0. 0. 0. 0. 0.]
 [0. 0. 0. 0. 0. 0.]
 [0. 0. 0. 0. 0. 0.]
 [0. 0. 0. 0. 0. 0.]
 [0. 0. 0. 0. 0. 0.]]
actions/left_gripper_action (Dataset): shape=(585,), dtype=float32
  First 5 rows: [0. 0. 0. 0. 0.]
actions/right_arm_action (Dataset): shape=(585, 6), dtype=float32
  First 5 rows: [[0. 0. 0. 0. 0. 0.]
 [0. 0. 0. 0. 0. 0.]
 [0. 0. 0. 0. 0. 0.]
 [0. 0. 0. 0. 0. 0.]
 [0. 0. 0. 0. 0. 0.]]
actions/right_gripper_action (Dataset): shape=(585,), dtype=float32
  First 5 rows: [0. 0. 0. 0. 0.]
current_time (Dataset): shape=(585,), dtype=float32
  First 5 rows: [0. 0. 0. 0. 0.]
observations/ (Group)
observations/head_depth (Dataset): shape=(585, 240, 320), dtype=float32
  First 5 rows: [[[       inf        inf        inf ...        inf        inf        inf]
  [       inf        inf        inf ...        inf        inf        inf]
  [       inf        inf        inf ...        inf        inf        inf]
  ...
  [0.43987873 0.43987873 0.43987894 ... 0.21911575 0.21407266 0.21162926]
  [0.5156288  0.51888204 0.5221765  ... 0.22369514 0.21519458 0.21209513]
  [0.5156289  0.5188821  0.5221765  ... 0.22233422 0.22282976 0.21291359]]

 [[       inf        inf        inf ...        inf        inf        inf]
  [       inf        inf        inf ...        inf        inf        inf]
  [       inf        inf        inf ...        inf        inf        inf]
  ...
  [0.44208208 0.44208214 0.44208226 ... 0.20882879 0.20728154 0.20584294]
  [0.5156792  0.5189323  0.52222675 ... 0.2091216  0.20732012 0.20585084]
  [0.51567876 0.5189319  0.5222264  ... 0.2094288  0.20757005 0.20587318]]

 [[       inf        inf        inf ...        inf        inf        inf]
  [       inf        inf        inf ...        inf        inf        inf]
  [       inf        inf        inf ...        inf        inf        inf]
  ...
  [0.4423963  0.44239637 0.44239637 ... 0.21172081 0.20978384 0.20809923]
  [0.5156497  0.5189027  0.52219695 ... 0.21224755 0.21008779 0.20821622]
  [0.5156493  0.51890236 0.5221966  ... 0.2131757  0.21045548 0.2084798 ]]

 [[       inf        inf        inf ...        inf        inf        inf]
  [       inf        inf        inf ...        inf        inf        inf]
  [       inf        inf        inf ...        inf        inf        inf]
  ...
  [0.44283506 0.4428353  0.44283563 ... 0.21364984 0.21142994 0.20953079]
  [0.51560044 0.5188532  0.5221471  ... 0.21458167 0.21180171 0.20977412]
  [0.5156001  0.51885283 0.52214676 ... 0.21745731 0.21255901 0.21009275]]

 [[       inf        inf        inf ...        inf        inf        inf]
  [       inf        inf        inf ...        inf        inf        inf]
  [       inf        inf        inf ...        inf        inf        inf]
  ...
  [0.4434765  0.4434767  0.44347692 ... 0.21492685 0.21237844 0.21039559]
  [0.51553804 0.51879036 0.5220838  ... 0.21630038 0.21291743 0.21067439]
  [0.5155377  0.51878995 0.52208364 ... 0.22336361 0.21385632 0.21105267]]]
observations/head_rgb (Dataset): shape=(585, 240, 320, 3), dtype=uint8
observations/left_arm_joint_pos (Dataset): shape=(585, 6), dtype=float32
  First 5 rows: [[-0.34906584  1.7558012  -0.41887903  0.31066862  0.6754424   0.35081118]
 [-0.278413    1.7530084  -0.3476753   0.23743296  0.7246125   0.34820136]
 [-0.3043614   1.7540559  -0.3760609   0.26697865  0.7050202   0.3492573 ]
 [-0.32029128  1.7544657  -0.39377275  0.28483725  0.69322926  0.34989828]
 [-0.32951173  1.7546796  -0.40396     0.29529876  0.6863037   0.35027617]]
observations/left_arm_joint_vel (Dataset): shape=(585, 6), dtype=float32
  First 5 rows: [[-7.5662768e-01 -1.1156431e-10 -8.9525552e-03 -2.7357638e+00
   1.9272401e+00  2.6662073e+00]
 [-4.0357733e-01  4.3633424e-02 -3.2403690e-01  5.0017881e-01
  -3.5020980e-01  1.4003907e-02]
 [-4.7733292e-01  1.5856965e-02 -4.6552956e-01  4.6419430e-01
  -3.1298444e-01  1.6354350e-02]
 [-3.0370370e-01  1.1652887e-02 -2.7085465e-01  2.7335426e-01
  -1.8739201e-01  9.4231386e-03]
 [-2.0285974e-01  9.6297637e-03 -1.5845539e-01  1.6119537e-01
  -1.1321567e-01  5.5590286e-03]]
observations/left_gripper_joint_pos (Dataset): shape=(585,), dtype=float32
  First 5 rows: [0.04       0.0295494  0.02969246 0.03141228 0.03465529]
observations/left_gripper_joint_vel (Dataset): shape=(585,), dtype=float32
  First 5 rows: [ 7.5677722e-06 -1.7422697e-02 -6.9408953e-02 -6.9638215e-02
  6.9864497e-02]
observations/left_hand_depth (Dataset): shape=(585, 240, 320), dtype=float32
  First 5 rows: [[[       inf        inf        inf ... 0.9572475  0.9531125  0.949013  ]
  [       inf        inf        inf ... 0.9556719  0.95155036 0.9474642 ]
  [       inf        inf        inf ... 0.95410156 0.9499935  0.9459208 ]
  ...
  [0.02099369 0.02099454 0.02099542 ... 0.68829805 0.68615764 0.6840303 ]
  [0.02087155 0.02087238 0.02087326 ... 0.68748295 0.6853476  0.68322545]
  [0.02075081 0.02075166 0.02075252 ... 0.6866699  0.6845396  0.6824225 ]]

 [[       inf        inf        inf ... 0.9946456  0.9909291  0.9872403 ]
  [       inf        inf        inf ... 0.992882   0.98917866 0.98550296]
  [       inf        inf        inf ... 0.9911245  0.98743427 0.98377144]
  ...
  [0.02140978 0.0213123  0.02121565 ... 0.02682471 0.02682544 0.02682619]
  [0.02119359 0.02109806 0.0210034  ... 0.02672404 0.02672476 0.02672549]
  [0.02098176 0.02088811 0.02085738 ... 0.0266747  0.02667497 0.02667521]]

 [[       inf        inf        inf ... 0.97610307 0.9722278  0.96838343]
  [       inf        inf        inf ... 0.9744227  0.9705608  0.9667295 ]
  [       inf        inf        inf ... 0.97274816 0.9688995  0.96508133]
  ...
  [0.02133542 0.02123825 0.02114198 ... 0.02682441 0.02682523 0.02682604]
  [0.02112    0.02102478 0.02098185 ... 0.02672403 0.02672477 0.0267255 ]
  [0.02090889 0.02086113 0.02084194 ... 0.02667494 0.02667522 0.02667546]]

 [[       inf        inf        inf ... 0.9675421  0.9635678  0.959626  ]
  [       inf        inf        inf ... 0.9659038  0.961943   0.95801455]
  [       inf        inf        inf ... 0.9642711  0.9603235  0.9564082 ]
  ...
  [0.02099371 0.02099459 0.02099545 ... 0.02682371 0.0268245  0.02682532]
  [0.02087158 0.02087241 0.02087328 ... 0.02672394 0.02672465 0.0267254 ]
  [0.02075082 0.02075168 0.02075253 ... 0.02667506 0.02667531 0.0266756 ]]

 [[       inf        inf        inf ... 0.9634535  0.9594199  0.95541984]
  [       inf        inf        inf ... 0.96183676 0.95781654 0.95382994]
  [       inf        inf        inf ... 0.9602253  0.95621866 0.9522453 ]
  ...
  [0.02099366 0.02099453 0.02099541 ... 0.02684477 0.02682307 0.02682386]
  [0.02087152 0.02087237 0.02087323 ... 0.02676886 0.02673684 0.02672489]
  [0.02075078 0.02075164 0.02075247 ... 0.02673626 0.02669141 0.02667573]]]
observations/left_hand_rgb (Dataset): shape=(585, 240, 320, 3), dtype=uint8
observations/right_arm_joint_pos (Dataset): shape=(585, 6), dtype=float32
  First 5 rows: [[-0.34906584  1.7592919  -0.38397244 -0.6981317  -1.1798426   0.3159046 ]
 [-0.40317613  1.7729175  -0.33107036 -0.62252426 -1.1566246   0.31259507]
 [-0.3827984   1.7672743  -0.35448778 -0.65360785 -1.1663386   0.31395808]
 [-0.37090796  1.763831   -0.3682329  -0.67186177 -1.1720562   0.31476086]
 [-0.36404952  1.7618544  -0.37611952 -0.6825466  -1.1753982   0.31523123]]
observations/right_arm_joint_vel (Dataset): shape=(585, 6), dtype=float32
  First 5 rows: [[ 7.56869018e-01 -2.19106919e-08 -1.40373735e-02  2.72873855e+00
  -1.92744565e+00 -2.76540542e+00]
 [ 5.17614841e-01 -1.23493947e-01 -4.53566372e-01 -7.73075581e-01
  -2.31952146e-01  3.43537405e-02]
 [ 3.61013561e-01 -1.19837366e-01 -3.26104641e-01 -4.73456889e-01
  -1.43983841e-01  2.05826610e-02]
 [ 2.30562836e-01 -8.11387524e-02 -1.74174279e-01 -2.77466565e-01
  -8.24498311e-02  1.21083828e-02]
 [ 1.55575305e-01 -5.87858185e-02 -8.72067437e-02 -1.63307518e-01
  -4.66679819e-02  7.09861051e-03]]
observations/right_gripper_joint_pos (Dataset): shape=(585,), dtype=float32
  First 5 rows: [0.04       0.02933105 0.03080727 0.03368358 0.03679349]
observations/right_gripper_joint_vel (Dataset): shape=(585,), dtype=float32
  First 5 rows: [-0.00073968 -0.01152171 -0.06935099  0.06985221  0.03945606]
observations/right_hand_depth (Dataset): shape=(585, 240, 320), dtype=float32
  First 5 rows: [[[0.91855013 0.9189044  0.9192587  ... 0.13863733 0.13869819 0.13875917]
  [0.91935265 0.9197073  0.9200624  ... 0.13877532 0.13883635 0.13889739]
  [0.9201566  0.92051184 0.92086756 ... 0.1389136  0.1389747  0.13903585]
  ...
  [1.1581342  1.1586974  1.1592607  ... 0.03018394 0.02999201 0.02980256]
  [1.1594104  1.1599745  1.1605393  ... 0.03018528 0.02999339 0.0298039 ]
  [1.160689   1.1612545  1.1618205  ... 0.03018662 0.02999476 0.02980521]]

 [[0.19683325 0.19730395 0.19777685 ... 0.15520781 0.15510637 0.1550051 ]
  [0.19792885 0.19840479 0.198883   ... 0.15532696 0.1552254  0.15512389]
  [0.19903672 0.19951797 0.20000154 ... 0.15544635 0.15534455 0.1552428 ]
  ...
  [0.02689397 0.02689287 0.02238089 ... 0.02658418 0.02658325 0.0265823 ]
  [0.0268198  0.02681836 0.02174699 ... 0.02654445 0.02654368 0.0265429 ]
  [0.02678573 0.02166158 0.02149028 ... 0.02653417 0.02653345 0.02653271]]

 [[0.20944065 0.21020722 0.21104085 ... 0.16363817 0.16359669 0.16355526]
  [0.21009564 0.21086699 0.21164411 ... 0.16378027 0.16373873 0.16369718]
  [0.21077645 0.21153098 0.21231288 ... 0.16392249 0.16388083 0.16383922]
  ...
  [0.02144495 0.02142221 0.02139956 ... 0.02658421 0.02658328 0.02658236]
  [0.02129835 0.02127591 0.02125359 ... 0.02654445 0.02654353 0.0265426 ]
  [0.02115378 0.02113166 0.02110961 ... 0.02653563 0.02653489 0.02653414]]

 [[0.9755181  0.9755182  0.9755182  ... 0.1613914  0.1570603  0.15398046]
  [0.2212781  0.2227396  0.9764278  ... 0.15671805 0.15418515 0.15173277]
  [0.22064915 0.22210231 0.22357473 ... 0.15439036 0.1519315  0.14970621]
  ...
  [0.02134186 0.02134076 0.02133965 ... 0.02658436 0.0265834  0.02658248]
  [0.02121595 0.02121487 0.0212138  ... 0.02654457 0.02654365 0.02654272]
  [0.02109155 0.02109045 0.02108938 ... 0.02653575 0.02653521 0.02653471]]

 [[0.9505832  0.9507278  0.9508722  ... 0.14772812 0.14775285 0.14777765]
  [0.95146024 0.95160496 0.9517498  ... 0.14787087 0.14789566 0.14792046]
  [0.9523388  0.95248365 0.95262873 ... 0.14801386 0.14803877 0.14806363]
  ...
  [0.02134183 0.02134073 0.02133965 ... 0.02789602 0.02772683 0.02756071]
  [0.02121595 0.02121487 0.02121377 ... 0.02790818 0.02774382 0.02758315]
  [0.02109152 0.02109042 0.02108938 ... 0.02792934 0.02776626 0.02761221]]]
observations/right_hand_rgb (Dataset): shape=(585, 240, 320, 3), dtype=uint8
score (Dataset): shape=(585,), dtype=int32
  First 5 rows: [0 0 0 0 0]
Root Attributes: {'sim': True}
